5
2 210 150
1 30
2 30 150
2 330 210
2 90 270
1 30
3 330 270 210
2 30 90
2 330 270
1 30
3 210 30 270
2 150 90
2 30 210
2 270 210
2 90 270
2 210 30
2 30 90
2 150 210
1 90
next
7
2 210 270
1 90
1 330
2 210 270
2 90 30
4 210 270 330 30
1 150
2 30 270
3 90 150 270
2 90 330
2 30 150
3 270 330 30
2 330 30
2 150 330
2 30 210
1 150
2 330 150
1 30
2 30 330
2 270 30
2 330 90
1 30
2 150 210
2 330 150
2 150 90
2 30 210
2 150 210
2 30 270
2 330 150
2 30 210
2 150 270
3 30 330 210
2 330 90
2 30 270
2 30 210
1 150
2 90 270
2 270 330
2 30 210
2 210 150
2 270 30
2 330 150
2 270 150
next
9
1 330
2 30 210
2 330 210
2 210 270
2 30 150
2 330 30
2 270 210
2 90 210
2 150 90
2 90 270
2 90 210
2 270 330
2 150 210
2 30 210
2 150 30
2 270 30
2 330 210
1 270
2 270 150
2 330 150
2 30 210
2 30 330
2 90 330
4 270 330 30 90
2 90 30
2 150 210
2 330 150
2 30 210
2 270 90
2 330 210
1 30
2 90 210
2 270 30
2 30 330
2 330 150
2 30 210
1 30
1 330
1 210
4 330 270 210 150
2 330 150
2 330 30
2 30 210
1 30
1 270
1 150
2 90 270
1 210
2 210 330
2 30 90
2 90 270
4 330 270 210 150
3 30 330 210
2 150 210
2 30 150
2 330 90
2 330 90
2 330 150
2 30 210
2 330 30
3 330 30 150
2 330 270
2 150 210
2 90 270
2 30 150
2 330 210
1 30
2 330 150
2 150 210
1 330
5 30 90 150 210 270
2 90 270
1 270
2 90 330
2 150 210